-87,132
-87,131
-87,130
-87,129
-87,128
-87,127
-87,126
-87,125
-87,124
-87,123
-87,122
-87,121
-87,120
-87,119
-87,118
-87,117
-87,116
-87,115
-87,114
-87,113
-87,112
-87,111
-87,110
-87,109
-87,108
-87,107
-87,106
-87,105
-87,104
-87,103
-87,102
-87,101
-87,100
-87,99
-87,98
-87,97
-87,96
-87,95
-87,94
-87,93
-87,92
-87,91
-87,90
-87,89
-87,88
-87,87
-87,86
-87,85
-87,84
-87,83
-87,82
-87,81
-87,80
-87,79
-87,78
-87,77
-87,76
-87,75
-87,74
-87,73
-87,72
-87,71
-87,70
-87,69
-87,68
-87,67
-87,66
-87,65
-87,64
-87,63
-87,62
-87,61
-87,60
-87,59
-87,58
-87,57
-87,56
-87,55
-87,54
-87,53
-87,52
-87,51
-87,50
-87,49
-87,48
-87,47
-87,46
-87,45
-87,44
-87,43
-87,42
-87,41
-87,40
-87,39
-87,38
-87,37
-87,36
-87,35
-87,34
-87,33
-87,32
-87,31
-87,30
-87,29
-87,28
-87,27
-87,26
-87,25
-87,24
-87,23
-87,22
-87,21
-87,20
-87,19
-87,18
-87,17
-87,16
-87,15
-87,14
-87,13
-87,12
-87,11
-87,10
-87,9
-87,8
-87,7
-87,6
-87,5
-87,4
-87,3
-87,2
-87,1
-87,0
-87,-1
-87,-2
-87,-3
-87,-4
-87,-5
-87,-6
-87,-7
-87,-8
-87,-9
-87,-10
-87,-11
-87,-12
-87,-13
-87,-14
-87,-15
-87,-16
-87,-17
-87,-18
-87,-19
-87,-20
-87,-21
-87,-22
-87,-23
-87,-24
-87,-25
-87,-26
-87,-27
-87,-28
-87,-29
-87,-30
-87,-31
-87,-32
-87,-33
-87,-34
-87,-35
-87,-36
-87,-37
-87,-38
-87,-39
-87,-40
-87,-41
-87,-42
-87,-43
-87,-44
-87,-45
-87,-46
-87,-47
-87,-48
-87,-49
-87,-50
-87,-51
-87,-52
-87,-53
-87,-54
-87,-55
-87,-56
-87,-57
-87,-58
-87,-59
-87,-60
-87,-61
-87,-62
-87,-63
-87,-64
-87,-65
-87,-66
-87,-67
-87,-68
-87,-69
-87,-70
-87,-71
-87,-72
-87,-73
-87,-74
-87,-75
-87,-76
-87,-77
-87,-78
-87,-79
-87,-80
-87,-81
-87,-82
-87,-83
-87,-84
-87,-85
-87,-86
-87,-87
-87,-88
-87,-89
-87,-90
-87,-91
-87,-92
-87,-93
-87,-94
-87,-95
-87,-96
-87,-97
-87,-98
-87,-99
-87,-100
-87,-101
-87,-102
-87,-103
-87,-104
-87,-105
-87,-106
-87,-107
-87,-108
-87,-109
-87,-110
-87,-111
-87,-112
-87,-113
-87,-114
-87,-115
-87,-116
-87,-117
-87,-118
-87,-119
-87,-120
-87,-121
-87,-122
-87,-123
-87,-124
-87,-125
-87,-126
-87,-127
-87,-128
-87,-129
-87,-130
-87,-131
-87,-132
-87,-133
-87,-134
-87,-135
-87,-136
-87,-137
-87,-138
-87,-139
-87,-140
-87,-141
-87,-142
-87,-143
-87,-144
-87,-145
-87,-146
-87,-147
-87,-148
-87,-149
-87,-150
-86,150
-86,149
-86,148
-86,147
-86,146
-86,145
-86,144
-86,143
-86,142
-86,141
-86,140
-86,139
-86,138
-86,137
-86,136
-86,135
-86,134
-86,133
-86,132
-86,131
-86,130
-86,129
-86,128
-86,127
-86,126
-86,125
-86,124
-86,123
-86,122
-86,121
-86,120
-86,119
-86,118
-86,117
-86,116
-86,115
-86,114
-86,113
-86,112
-86,111
-86,110
-86,109
-86,108
-86,107
-86,106
-86,105
-86,104
-86,103
-86,102
-86,101
-86,100
-86,99
-86,98
-86,97
-86,96
-86,95
-86,94
-86,93
-86,92
-86,91
-86,90
-86,89
-86,88
-86,87
-86,86
-86,85
-86,84
-86,83
-86,82
-86,81
-86,80
-86,79
-86,78
-86,77
-86,76
-86,75
-86,74
-86,73
-86,72
-86,71
-86,70
-86,69
-86,68
-86,67
-86,66
-86,65
-86,64
-86,63
-86,62
-86,61
-86,60
-86,59
-86,58
-86,57
-86,56
-86,55
-86,54
-86,53
-86,52
-86,51
-86,50
-86,49
-86,48
-86,47
-86,46
-86,45
-86,44
-86,43
-86,42
-86,41
-86,40
-86,39
-86,38
-86,37
-86,36
-86,35
-86,34
-86,33
-86,32
-86,31
-86,30
-86,29
-86,28
-86,27
-86,26
-86,25
-86,24
-86,23
-86,22
-86,21
-86,20
-86,19
-86,18
-86,17
-86,16
-86,15
-86,14
-86,13
-86,12
-86,11
-86,10
-86,9
-86,8
-86,7
-86,6
-86,5
-86,4
-86,3
-86,2
-86,1
-86,0
-86,-1
-86,-2
-86,-3
-86,-4
-86,-5
-86,-6
-86,-7
-86,-8
-86,-9
-86,-10
-86,-11
-86,-12
-86,-13
-86,-14
-86,-15
-86,-16
-86,-17
-86,-18
-86,-19
-86,-20
-86,-21
-86,-22
-86,-23
-86,-24
-86,-25
-86,-26
-86,-27
-86,-28
-86,-29
-86,-30
-86,-31
-86,-32
-86,-33
-86,-34
-86,-35
-86,-36
-86,-37
-86,-38
-86,-39
-86,-40
-86,-41
-86,-42
-86,-43
-86,-44
-86,-45
-86,-46
-86,-47
-86,-48
-86,-49
-86,-50
-86,-51
-86,-52
-86,-53
-86,-54
-86,-55
-86,-56
-86,-57
-86,-58
-86,-59
-86,-60
-86,-61
-86,-62
-86,-63
-86,-64
-86,-65
-86,-66
-86,-67
-86,-68
-86,-69
-86,-70
-86,-71
-86,-72
-86,-73
-86,-74
-86,-75
-86,-76
-86,-77
-86,-78
-86,-79
-86,-80
-86,-81
-86,-82
-86,-83
-86,-84
-86,-85
-86,-86
-86,-87
-86,-88
-86,-89
-86,-90
-86,-91
-86,-92
-86,-93
-86,-94
-86,-95
-86,-96
-86,-97
-86,-98
-86,-99
-86,-100
-86,-101
-86,-102
-86,-103
-86,-104
-86,-105
-86,-106
-86,-107
-86,-108
-86,-109
-86,-110
-86,-111
-86,-112
-86,-113
-86,-114
-86,-115
-86,-116
-86,-117
-86,-118
-86,-119
-86,-120
-86,-121
-86,-122
-86,-123
-86,-124
-86,-125
-86,-126
-86,-127
-86,-128
-86,-129
-86,-130
-86,-131
-86,-132
-86,-133
-86,-134
-86,-135
-86,-136
-86,-137
-86,-138
-86,-139
-86,-140
-86,-141
-86,-142
-86,-143
-86,-144
-86,-145
-86,-146
-86,-147
-86,-148
-86,-149
-86,-150
-85,150
-85,149
-85,148
-85,147
-85,146
-85,145
-85,144
-85,143
-85,142
-85,141
-85,140
-85,139
-85,138
-85,137
-85,136
-85,135
-85,134
-85,133
-85,132
-85,131
-85,130
-85,129
-85,128
-85,127
-85,126
-85,125
-85,124
-85,123
-85,122
-85,121
-85,120
-85,119
-85,118
-85,117
-85,116
-85,115
-85,114
-85,113
-85,112
-85,111
-85,110
-85,109
-85,108
-85,107
-85,106
-85,105
-85,104
-85,103
-85,102
-85,101
-85,100
-85,99
-85,98
-85,97
-85,96
-85,95
-85,94
-85,93
-85,92
-85,91
-85,90
-85,89
-85,88
-85,87
-85,86
-85,85
-85,84
-85,83
-85,82
-85,81
-85,80
-85,79
-85,78
-85,77
-85,76
-85,75
-85,74
-85,73
-85,72
-85,71
-85,70
-85,69
-85,68
-85,67
-85,66
-85,65
-85,64
-85,63
-85,62
-85,61
-85,60
-85,59
-85,58
-85,57
-85,56
-85,55
-85,54
-85,53
-85,52
-85,51
-85,50
-85,49
-85,48
-85,47
-85,46
-85,45
-85,44
-85,43
-85,42
-85,41
-85,40
-85,39
-85,38
-85,37
-85,36
-85,35
-85,34
-85,33
-85,32
-85,31
-85,30
-85,29
-85,28
-85,27
-85,26
-85,25
-85,24
-85,23
-85,22
-85,21
-85,20
-85,19
-85,18
-85,17
-85,16
-85,15
-85,14
-85,13
-85,12
-85,11
-85,10
-85,9
-85,8
-85,7
-85,6
-85,5
-85,4
-85,3
-85,2
-85,1
-85,0
-85,-1
-85,-2
-85,-3
-85,-4
-85,-5
-85,-6
-85,-7
-85,-8
-85,-9
-85,-10
-85,-11
-85,-12
-85,-13
-85,-14
-85,-15
-85,-16
-85,-17
-85,-18
-85,-19
-85,-20
-85,-21
-85,-22
-85,-23
-85,-24
-85,-25
-85,-26
-85,-27
-85,-28
-85,-29
-85,-30
-85,-31
-85,-32
-85,-33
-85,-34
-85,-35
-85,-36
-85,-37
-85,-38
-85,-39
-85,-40
-85,-41
-85,-42
-85,-43
-85,-44
-85,-45
-85,-46
-85,-47
-85,-48
-85,-49
-85,-50
-85,-51
-85,-52
-85,-53
-85,-54
-85,-55
-85,-56
-85,-57
-85,-58
-85,-59
-85,-60
-85,-61
-85,-62
-85,-63
-85,-64
-85,-65
-85,-66
-85,-67
-85,-68
-85,-69
-85,-70
-85,-71
-85,-72
-85,-73
-85,-74
-85,-75
-85,-76
-85,-77
-85,-78
-85,-79
-85,-80
-85,-81
-85,-82
-85,-83
-85,-84
-85,-85
-85,-86
-85,-87
-85,-88
-85,-89
-85,-90
-85,-91
-85,-92
-85,-93
-85,-94
-85,-95
-85,-96
-85,-97
-85,-98
-85,-99
-85,-100
-85,-101
-85,-102
-85,-103
-85,-104
-85,-105
-85,-106
-85,-107
-85,-108
-85,-109
-85,-110
-85,-111
-85,-112
-85,-113
-85,-114
-85,-115
-85,-116
-85,-117
-85,-118
-85,-119
-85,-120
-85,-121
-85,-122
-85,-123
-85,-124
-85,-125
-85,-126
-85,-127
-85,-128
-85,-129
-85,-130
-85,-131
-85,-132
-85,-133
-85,-134
-85,-135
-85,-136
-85,-137
-85,-138
-85,-139
-85,-140
-85,-141
-85,-142
-85,-143
-85,-144
-85,-145
-85,-146
-85,-147
-85,-148
-85,-149
-85,-150
-84,150
-84,149
-84,148
-84,147
-84,146
-84,145
-84,144
-84,143
-84,142
-84,141
-84,140
-84,139
-84,138
-84,137
-84,136
-84,135
-84,134
-84,133
-84,132
-84,131
-84,130
-84,129
-84,128
-84,127
-84,126
-84,125
-84,124
-84,123
-84,122
-84,121
-84,120
-84,119
-84,118
-84,117
-84,116
-84,115
-84,114
-84,113
-84,112
-84,111
-84,110
-84,109
-84,108
-84,107
-84,106
-84,105
-84,104
-84,103
-84,102
-84,101
-84,100
-84,99
-84,98
-84,97
-84,96
-84,95
-84,94
-84,93
-84,92
-84,91
-84,90
-84,89
-84,88
-84,87
-84,86
-84,85
-84,84
-84,83
-84,82
-84,81
-84,80
-84,79
-84,78
-84,77
-84,76
-84,75
-84,74
-84,73
-84,72
-84,71
-84,70
-84,69
-84,68
-84,67
-84,66
-84,65
-84,64
-84,63
-84,62
-84,61
-84,60
-84,59
-84,58
-84,57
-84,56
-84,55
-84,54
-84,53
-84,52
-84,51
-84,50
-84,49
-84,48
-84,47
-84,46
-84,45
-84,44
-84,43
-84,42
-84,41
-84,40
-84,39
-84,38
-84,37
