-24,114
-24,113
-24,112
-24,111
-24,110
-24,109
-24,108
-24,107
-24,106
-24,105
-24,104
-24,103
-24,102
-24,101
-24,100
-24,99
-24,98
-24,97
-24,96
-24,95
-24,94
-24,93
-24,92
-24,91
-24,90
-24,89
-24,88
-24,87
-24,86
-24,85
-24,84
-24,83
-24,82
-24,81
-24,80
-24,79
-24,78
-24,77
-24,76
-24,75
-24,74
-24,73
-24,72
-24,71
-24,70
-24,69
-24,68
-24,67
-24,66
-24,65
-24,64
-24,63
-24,62
-24,61
-24,60
-24,59
-24,58
-24,57
-24,56
-24,55
-24,54
-24,53
-24,52
-24,51
-24,50
-24,49
-24,48
-24,47
-24,46
-24,45
-24,44
-24,43
-24,42
-24,41
-24,40
-24,39
-24,38
-24,37
-24,36
-24,35
-24,34
-24,33
-24,32
-24,31
-24,30
-24,29
-24,28
-24,27
-24,26
-24,25
-24,24
-24,23
-24,22
-24,21
-24,20
-24,19
-24,18
-24,17
-24,16
-24,15
-24,14
-24,13
-24,12
-24,11
-24,10
-24,9
-24,8
-24,7
-24,6
-24,5
-24,4
-24,3
-24,2
-24,1
-24,0
-24,-1
-24,-2
-24,-3
-24,-4
-24,-5
-24,-6
-24,-7
-24,-8
-24,-9
-24,-10
-24,-11
-24,-12
-24,-13
-24,-14
-24,-15
-24,-16
-24,-17
-24,-18
-24,-19
-24,-20
-24,-21
-24,-22
-24,-23
-24,-24
-24,-25
-24,-26
-24,-27
-24,-28
-24,-29
-24,-30
-24,-31
-24,-32
-24,-33
-24,-34
-24,-35
-24,-36
-24,-37
-24,-38
-24,-39
-24,-40
-24,-41
-24,-42
-24,-43
-24,-44
-24,-45
-24,-46
-24,-47
-24,-48
-24,-49
-24,-50
-24,-51
-24,-52
-24,-53
-24,-54
-24,-55
-24,-56
-24,-57
-24,-58
-24,-59
-24,-60
-24,-61
-24,-62
-24,-63
-24,-64
-24,-65
-24,-66
-24,-67
-24,-68
-24,-69
-24,-70
-24,-71
-24,-72
-24,-73
-24,-74
-24,-75
-24,-76
-24,-77
-24,-78
-24,-79
-24,-80
-24,-81
-24,-82
-24,-83
-24,-84
-24,-85
-24,-86
-24,-87
-24,-88
-24,-89
-24,-90
-24,-91
-24,-92
-24,-93
-24,-94
-24,-95
-24,-96
-24,-97
-24,-98
-24,-99
-24,-100
-24,-101
-24,-102
-24,-103
-24,-104
-24,-105
-24,-106
-24,-107
-24,-108
-24,-109
-24,-110
-24,-111
-24,-112
-24,-113
-24,-114
-24,-115
-24,-116
-24,-117
-24,-118
-24,-119
-24,-120
-24,-121
-24,-122
-24,-123
-24,-124
-24,-125
-24,-126
-24,-127
-24,-128
-24,-129
-24,-130
-24,-131
-24,-132
-24,-133
-24,-134
-24,-135
-24,-136
-24,-137
-24,-138
-24,-139
-24,-140
-24,-141
-24,-142
-24,-143
-24,-144
-24,-145
-24,-146
-24,-147
-24,-148
-24,-149
-24,-150
-23,150
-23,149
-23,148
-23,147
-23,146
-23,145
-23,144
-23,143
-23,142
-23,141
-23,140
-23,139
-23,138
-23,137
-23,136
-23,135
-23,134
-23,133
-23,132
-23,131
-23,130
-23,129
-23,128
-23,127
-23,126
-23,125
-23,124
-23,123
-23,122
-23,121
-23,120
-23,119
-23,118
-23,117
-23,116
-23,115
-23,114
-23,113
-23,112
-23,111
-23,110
-23,109
-23,108
-23,107
-23,106
-23,105
-23,104
-23,103
-23,102
-23,101
-23,100
-23,99
-23,98
-23,97
-23,96
-23,95
-23,94
-23,93
-23,92
-23,91
-23,90
-23,89
-23,88
-23,87
-23,86
-23,85
-23,84
-23,83
-23,82
-23,81
-23,80
-23,79
-23,78
-23,77
-23,76
-23,75
-23,74
-23,73
-23,72
-23,71
-23,70
-23,69
-23,68
-23,67
-23,66
-23,65
-23,64
-23,63
-23,62
-23,61
-23,60
-23,59
-23,58
-23,57
-23,56
-23,55
-23,54
-23,53
-23,52
-23,51
-23,50
-23,49
-23,48
-23,47
-23,46
-23,45
-23,44
-23,43
-23,42
-23,41
-23,40
-23,39
-23,38
-23,37
-23,36
-23,35
-23,34
-23,33
-23,32
-23,31
-23,30
-23,29
-23,28
-23,27
-23,26
-23,25
-23,24
-23,23
-23,22
-23,21
-23,20
-23,19
-23,18
-23,17
-23,16
-23,15
-23,14
-23,13
-23,12
-23,11
-23,10
-23,9
-23,8
-23,7
-23,6
-23,5
-23,4
-23,3
-23,2
-23,1
-23,0
-23,-1
-23,-2
-23,-3
-23,-4
-23,-5
-23,-6
-23,-7
-23,-8
-23,-9
-23,-10
-23,-11
-23,-12
-23,-13
-23,-14
-23,-15
-23,-16
-23,-17
-23,-18
-23,-19
-23,-20
-23,-21
-23,-22
-23,-23
-23,-24
-23,-25
-23,-26
-23,-27
-23,-28
-23,-29
-23,-30
-23,-31
-23,-32
-23,-33
-23,-34
-23,-35
-23,-36
-23,-37
-23,-38
-23,-39
-23,-40
-23,-41
-23,-42
-23,-43
-23,-44
-23,-45
-23,-46
-23,-47
-23,-48
-23,-49
-23,-50
-23,-51
-23,-52
-23,-53
-23,-54
-23,-55
-23,-56
-23,-57
-23,-58
-23,-59
-23,-60
-23,-61
-23,-62
-23,-63
-23,-64
-23,-65
-23,-66
-23,-67
-23,-68
-23,-69
-23,-70
-23,-71
-23,-72
-23,-73
-23,-74
-23,-75
-23,-76
-23,-77
-23,-78
-23,-79
-23,-80
-23,-81
-23,-82
-23,-83
-23,-84
-23,-85
-23,-86
-23,-87
-23,-88
-23,-89
-23,-90
-23,-91
-23,-92
-23,-93
-23,-94
-23,-95
-23,-96
-23,-97
-23,-98
-23,-99
-23,-100
-23,-101
-23,-102
-23,-103
-23,-104
-23,-105
-23,-106
-23,-107
-23,-108
-23,-109
-23,-110
-23,-111
-23,-112
-23,-113
-23,-114
-23,-115
-23,-116
-23,-117
-23,-118
-23,-119
-23,-120
-23,-121
-23,-122
-23,-123
-23,-124
-23,-125
-23,-126
-23,-127
-23,-128
-23,-129
-23,-130
-23,-131
-23,-132
-23,-133
-23,-134
-23,-135
-23,-136
-23,-137
-23,-138
-23,-139
-23,-140
-23,-141
-23,-142
-23,-143
-23,-144
-23,-145
-23,-146
-23,-147
-23,-148
-23,-149
-23,-150
-22,150
-22,149
-22,148
-22,147
-22,146
-22,145
-22,144
-22,143
-22,142
-22,141
-22,140
-22,139
-22,138
-22,137
-22,136
-22,135
-22,134
-22,133
-22,132
-22,131
-22,130
-22,129
-22,128
-22,127
-22,126
-22,125
-22,124
-22,123
-22,122
-22,121
-22,120
-22,119
-22,118
-22,117
-22,116
-22,115
-22,114
-22,113
-22,112
-22,111
-22,110
-22,109
-22,108
-22,107
-22,106
-22,105
-22,104
-22,103
-22,102
-22,101
-22,100
-22,99
-22,98
-22,97
-22,96
-22,95
-22,94
-22,93
-22,92
-22,91
-22,90
-22,89
-22,88
-22,87
-22,86
-22,85
-22,84
-22,83
-22,82
-22,81
-22,80
-22,79
-22,78
-22,77
-22,76
-22,75
-22,74
-22,73
-22,72
-22,71
-22,70
-22,69
-22,68
-22,67
-22,66
-22,65
-22,64
-22,63
-22,62
-22,61
-22,60
-22,59
-22,58
-22,57
-22,56
-22,55
-22,54
-22,53
-22,52
-22,51
-22,50
-22,49
-22,48
-22,47
-22,46
-22,45
-22,44
-22,43
-22,42
-22,41
-22,40
-22,39
-22,38
-22,37
-22,36
-22,35
-22,34
-22,33
-22,32
-22,31
-22,30
-22,29
-22,28
-22,27
-22,26
-22,25
-22,24
-22,23
-22,22
-22,21
-22,20
-22,19
-22,18
-22,17
-22,16
-22,15
-22,14
-22,13
-22,12
-22,11
-22,10
-22,9
-22,8
-22,7
-22,6
-22,5
-22,4
-22,3
-22,2
-22,1
-22,0
-22,-1
-22,-2
-22,-3
-22,-4
-22,-5
-22,-6
-22,-7
-22,-8
-22,-9
-22,-10
-22,-11
-22,-12
-22,-13
-22,-14
-22,-15
-22,-16
-22,-17
-22,-18
-22,-19
-22,-20
-22,-21
-22,-22
-22,-23
-22,-24
-22,-25
-22,-26
-22,-27
-22,-28
-22,-29
-22,-30
-22,-31
-22,-32
-22,-33
-22,-34
-22,-35
-22,-36
-22,-37
-22,-38
-22,-39
-22,-40
-22,-41
-22,-42
-22,-43
-22,-44
-22,-45
-22,-46
-22,-47
-22,-48
-22,-49
-22,-50
-22,-51
-22,-52
-22,-53
-22,-54
-22,-55
-22,-56
-22,-57
-22,-58
-22,-59
-22,-60
-22,-61
-22,-62
-22,-63
-22,-64
-22,-65
-22,-66
-22,-67
-22,-68
-22,-69
-22,-70
-22,-71
-22,-72
-22,-73
-22,-74
-22,-75
-22,-76
-22,-77
-22,-78
-22,-79
-22,-80
-22,-81
-22,-82
-22,-83
-22,-84
-22,-85
-22,-86
-22,-87
-22,-88
-22,-89
-22,-90
-22,-91
-22,-92
-22,-93
-22,-94
-22,-95
-22,-96
-22,-97
-22,-98
-22,-99
-22,-100
-22,-101
-22,-102
-22,-103
-22,-104
-22,-105
-22,-106
-22,-107
-22,-108
-22,-109
-22,-110
-22,-111
-22,-112
-22,-113
-22,-114
-22,-115
-22,-116
-22,-117
-22,-118
-22,-119
-22,-120
-22,-121
-22,-122
-22,-123
-22,-124
-22,-125
-22,-126
-22,-127
-22,-128
-22,-129
-22,-130
-22,-131
-22,-132
-22,-133
-22,-134
-22,-135
-22,-136
-22,-137
-22,-138
-22,-139
-22,-140
-22,-141
-22,-142
-22,-143
-22,-144
-22,-145
-22,-146
-22,-147
-22,-148
-22,-149
-22,-150
-21,150
-21,149
-21,148
-21,147
-21,146
-21,145
-21,144
-21,143
-21,142
-21,141
-21,140
-21,139
-21,138
-21,137
-21,136
-21,135
-21,134
-21,133
-21,132
-21,131
-21,130
-21,129
-21,128
-21,127
-21,126
-21,125
-21,124
-21,123
-21,122
-21,121
-21,120
-21,119
-21,118
-21,117
-21,116
-21,115
-21,114
-21,113
-21,112
-21,111
-21,110
-21,109
-21,108
-21,107
-21,106
-21,105
-21,104
-21,103
-21,102
-21,101
-21,100
-21,99
-21,98
-21,97
-21,96
-21,95
-21,94
-21,93
-21,92
-21,91
-21,90
-21,89
-21,88
-21,87
-21,86
-21,85
-21,84
-21,83
-21,82
-21,81
-21,80
-21,79
-21,78
-21,77
-21,76
-21,75
-21,74
-21,73
-21,72
-21,71
-21,70
-21,69
-21,68
-21,67
-21,66
-21,65
-21,64
-21,63
-21,62
-21,61
-21,60
-21,59
-21,58
-21,57
-21,56
-21,55
-21,54
-21,53
-21,52
-21,51
-21,50
-21,49
-21,48
-21,47
-21,46
-21,45
-21,44
-21,43
-21,42
-21,41
-21,40
-21,39
-21,38
-21,37
-21,36
-21,35
-21,34
-21,33
-21,32
-21,31
-21,30
-21,29
-21,28
-21,27
-21,26
-21,25
-21,24
-21,23
-21,22
-21,21
-21,20
-21,19
