136,-77
136,-78
136,-79
136,-80
136,-81
136,-82
136,-83
136,-84
136,-85
136,-86
136,-87
136,-88
136,-89
136,-90
136,-91
136,-92
136,-93
136,-94
136,-95
136,-96
136,-97
136,-98
136,-99
136,-100
136,-101
136,-102
136,-103
136,-104
136,-105
136,-106
136,-107
136,-108
136,-109
136,-110
136,-111
136,-112
136,-113
136,-114
136,-115
136,-116
136,-117
136,-118
136,-119
136,-120
136,-121
136,-122
136,-123
136,-124
136,-125
136,-126
136,-127
136,-128
136,-129
136,-130
136,-131
136,-132
136,-133
136,-134
136,-135
136,-136
136,-137
136,-138
136,-139
136,-140
136,-141
136,-142
136,-143
136,-144
136,-145
136,-146
136,-147
136,-148
136,-149
136,-150
137,158
137,157
137,156
137,155
137,154
137,153
137,152
137,151
137,150
137,149
137,148
137,147
137,146
137,145
137,144
137,143
137,142
137,141
137,140
137,139
137,138
137,137
137,136
137,135
137,134
137,133
137,132
137,131
137,130
137,129
137,128
137,127
137,126
137,125
137,124
137,123
137,122
137,121
137,120
137,119
137,118
137,117
137,116
137,115
137,114
137,113
137,112
137,111
137,110
137,109
137,108
137,107
137,106
137,105
137,104
137,103
137,102
137,101
137,100
137,99
137,98
137,97
137,96
137,95
137,94
137,93
137,92
137,91
137,90
137,89
137,88
137,87
137,86
137,85
137,84
137,83
137,82
137,81
137,80
137,79
137,78
137,77
137,76
137,75
137,74
137,73
137,72
137,71
137,70
137,69
137,68
137,67
137,66
137,65
137,64
137,63
137,62
137,61
137,60
137,59
137,58
137,57
137,56
137,55
137,54
137,53
137,52
137,51
137,50
137,49
137,48
137,47
137,46
137,45
137,44
137,43
137,42
137,41
137,40
137,39
137,38
137,37
137,36
137,35
137,34
137,33
137,32
137,31
137,30
137,29
137,28
137,27
137,26
137,25
137,24
137,23
137,22
137,21
137,20
137,19
137,18
137,17
137,16
137,15
137,14
137,13
137,12
137,11
137,10
137,9
137,8
137,7
137,6
137,5
137,4
137,3
137,2
137,1
137,0
137,-1
137,-2
137,-3
137,-4
137,-5
137,-6
137,-7
137,-8
137,-9
137,-10
137,-11
137,-12
137,-13
137,-14
137,-15
137,-16
137,-17
137,-18
137,-19
137,-20
137,-21
137,-22
137,-23
137,-24
137,-25
137,-26
137,-27
137,-28
137,-29
137,-30
137,-31
137,-32
137,-33
137,-34
137,-35
137,-36
137,-37
137,-38
137,-39
137,-40
137,-41
137,-42
137,-43
137,-44
137,-45
137,-46
137,-47
137,-48
137,-49
137,-50
137,-51
137,-52
137,-53
137,-54
137,-55
137,-56
137,-57
137,-58
137,-59
137,-60
137,-61
137,-62
137,-63
137,-64
137,-65
137,-66
137,-67
137,-68
137,-69
137,-70
137,-71
137,-72
137,-73
137,-74
137,-75
137,-76
137,-77
137,-78
137,-79
137,-80
137,-81
137,-82
137,-83
137,-84
137,-85
137,-86
137,-87
137,-88
137,-89
137,-90
137,-91
137,-92
137,-93
137,-94
137,-95
137,-96
137,-97
137,-98
137,-99
137,-100
137,-101
137,-102
137,-103
137,-104
137,-105
137,-106
137,-107
137,-108
137,-109
137,-110
137,-111
137,-112
137,-113
137,-114
137,-115
137,-116
137,-117
137,-118
137,-119
137,-120
137,-121
137,-122
137,-123
137,-124
137,-125
137,-126
137,-127
137,-128
137,-129
137,-130
137,-131
137,-132
137,-133
137,-134
137,-135
137,-136
137,-137
137,-138
137,-139
137,-140
137,-141
137,-142
137,-143
137,-144
137,-145
137,-146
137,-147
137,-148
137,-149
137,-150
138,158
138,157
138,156
138,155
138,154
138,153
138,152
138,151
138,150
138,149
138,148
138,147
138,146
138,145
138,144
138,143
138,142
138,141
138,140
138,139
138,138
138,137
138,136
138,135
138,134
138,133
138,132
138,131
138,130
138,129
138,128
138,127
138,126
138,125
138,124
138,123
138,122
138,121
138,120
138,119
138,118
138,117
138,116
138,115
138,114
138,113
138,112
138,111
138,110
138,109
138,108
138,107
138,106
138,105
138,104
138,103
138,102
138,101
138,100
138,99
138,98
138,97
138,96
138,95
138,94
138,93
138,92
138,91
138,90
138,89
138,88
138,87
138,86
138,85
138,84
138,83
138,82
138,81
138,80
138,79
138,78
138,77
138,76
138,75
138,74
138,73
138,72
138,71
138,70
138,69
138,68
138,67
138,66
138,65
138,64
138,63
138,62
138,61
138,60
138,59
138,58
138,57
138,56
138,55
138,54
138,53
138,52
138,51
138,50
138,49
138,48
138,47
138,46
138,45
138,44
138,43
138,42
138,41
138,40
138,39
138,38
138,37
138,36
138,35
138,34
138,33
138,32
138,31
138,30
138,29
138,28
138,27
138,26
138,25
138,24
138,23
138,22
138,21
138,20
138,19
138,18
138,17
138,16
138,15
138,14
138,13
138,12
138,11
138,10
138,9
138,8
138,7
138,6
138,5
138,4
138,3
138,2
138,1
138,0
138,-1
138,-2
138,-3
138,-4
138,-5
138,-6
138,-7
138,-8
138,-9
138,-10
138,-11
138,-12
138,-13
138,-14
138,-15
138,-16
138,-17
138,-18
138,-19
138,-20
138,-21
138,-22
138,-23
138,-24
138,-25
138,-26
138,-27
138,-28
138,-29
138,-30
138,-31
138,-32
138,-33
138,-34
138,-35
138,-36
138,-37
138,-38
138,-39
138,-40
138,-41
138,-42
138,-43
138,-44
138,-45
138,-46
138,-47
138,-48
138,-49
138,-50
138,-51
138,-52
138,-53
138,-54
138,-55
138,-56
138,-57
138,-58
138,-59
138,-60
138,-61
138,-62
138,-63
138,-64
138,-65
138,-66
138,-67
138,-68
138,-69
138,-70
138,-71
138,-72
138,-73
138,-74
138,-75
138,-76
138,-77
138,-78
138,-79
138,-80
138,-81
138,-82
138,-83
138,-84
138,-85
138,-86
138,-87
138,-88
138,-89
138,-90
138,-91
138,-92
138,-93
138,-94
138,-95
138,-96
138,-97
138,-98
138,-99
138,-100
138,-101
138,-102
138,-103
138,-104
138,-105
138,-106
138,-107
138,-108
138,-109
138,-110
138,-111
138,-112
138,-113
138,-114
138,-115
138,-116
138,-117
138,-118
138,-119
138,-120
138,-121
138,-122
138,-123
138,-124
138,-125
138,-126
138,-127
138,-128
138,-129
138,-130
138,-131
138,-132
138,-133
138,-134
138,-135
138,-136
138,-137
138,-138
138,-139
138,-140
138,-141
138,-142
138,-143
138,-144
138,-145
138,-146
138,-147
138,-148
138,-149
138,-150
139,158
139,157
139,156
139,155
139,154
139,153
139,152
139,151
139,150
139,149
139,148
139,147
139,146
139,145
139,144
139,143
139,142
139,141
139,140
139,139
139,138
139,137
139,136
139,135
139,134
139,133
139,132
139,131
139,130
139,129
139,128
139,127
139,126
139,125
139,124
139,123
139,122
139,121
139,120
139,119
139,118
139,117
139,116
139,115
139,114
139,113
139,112
139,111
139,110
139,109
139,108
139,107
139,106
139,105
139,104
139,103
139,102
139,101
139,100
139,99
139,98
139,97
139,96
139,95
139,94
139,93
139,92
139,91
139,90
139,89
139,88
139,87
139,86
139,85
139,84
139,83
139,82
139,81
139,80
139,79
139,78
139,77
139,76
139,75
139,74
139,73
139,72
139,71
139,70
139,69
139,68
139,67
139,66
139,65
139,64
139,63
139,62
139,61
139,60
139,59
139,58
139,57
139,56
139,55
139,54
139,53
139,52
139,51
139,50
139,49
139,48
139,47
139,46
139,45
139,44
139,43
139,42
139,41
139,40
139,39
139,38
139,37
139,36
139,35
139,34
139,33
139,32
139,31
139,30
139,29
139,28
139,27
139,26
139,25
139,24
139,23
139,22
139,21
139,20
139,19
139,18
139,17
139,16
139,15
139,14
139,13
139,12
139,11
139,10
139,9
139,8
139,7
139,6
139,5
139,4
139,3
139,2
139,1
139,0
139,-1
139,-2
139,-3
139,-4
139,-5
139,-6
139,-7
139,-8
139,-9
139,-10
139,-11
139,-12
139,-13
139,-14
139,-15
139,-16
139,-17
139,-18
139,-19
139,-20
139,-21
139,-22
139,-23
139,-24
139,-25
139,-26
139,-27
139,-28
139,-29
139,-30
139,-31
139,-32
139,-33
139,-34
139,-35
139,-36
139,-37
139,-38
139,-39
139,-40
139,-41
139,-42
139,-43
139,-44
139,-45
139,-46
139,-47
139,-48
139,-49
139,-50
139,-51
139,-52
139,-53
139,-54
139,-55
139,-56
139,-57
139,-58
139,-59
139,-60
139,-61
139,-62
139,-63
139,-64
139,-65
139,-66
139,-67
139,-68
139,-69
139,-70
139,-71
139,-72
139,-73
139,-74
139,-75
139,-76
139,-77
139,-78
139,-79
139,-80
139,-81
139,-82
139,-83
139,-84
139,-85
139,-86
139,-87
139,-88
139,-89
139,-90
139,-91
139,-92
139,-93
139,-94
139,-95
139,-96
139,-97
139,-98
139,-99
139,-100
139,-101
139,-102
139,-103
139,-104
139,-105
139,-106
139,-107
139,-108
139,-109
139,-110
139,-111
139,-112
139,-113
139,-114
139,-115
139,-116
139,-117
139,-118
139,-119
139,-120
139,-121
139,-122
139,-123
139,-124
139,-125
139,-126
139,-127
139,-128
139,-129
139,-130
139,-131
139,-132
139,-133
139,-134
139,-135
139,-136
139,-137
139,-138
139,-139
139,-140
139,-141
139,-142
139,-143
139,-144
139,-145
139,-146
139,-147
139,-148
