-144,-42
-144,-43
-144,-44
-144,-45
-144,-46
-144,-47
-144,-48
-144,-49
-144,-50
-144,-51
-144,-52
-144,-53
-144,-54
-144,-55
-144,-56
-144,-57
-144,-58
-144,-59
-144,-60
-144,-61
-144,-62
-144,-63
-144,-64
-144,-65
-144,-66
-144,-67
-144,-68
-144,-69
-144,-70
-144,-71
-144,-72
-144,-73
-144,-74
-144,-75
-144,-76
-144,-77
-144,-78
-144,-79
-144,-80
-144,-81
-144,-82
-144,-83
-144,-84
-144,-85
-144,-86
-144,-87
-144,-88
-144,-89
-144,-90
-144,-91
-144,-92
-144,-93
-144,-94
-144,-95
-144,-96
-144,-97
-144,-98
-144,-99
-144,-100
-144,-101
-144,-102
-144,-103
-144,-104
-144,-105
-144,-106
-144,-107
-144,-108
-144,-109
-144,-110
-144,-111
-144,-112
-144,-113
-144,-114
-144,-115
-144,-116
-144,-117
-144,-118
-144,-119
-144,-120
-144,-121
-144,-122
-144,-123
-144,-124
-144,-125
-144,-126
-144,-127
-144,-128
-144,-129
-144,-130
-144,-131
-144,-132
-144,-133
-144,-134
-144,-135
-144,-136
-144,-137
-144,-138
-144,-139
-144,-140
-144,-141
-144,-142
-144,-143
-144,-144
-144,-145
-144,-146
-144,-147
-144,-148
-144,-149
-144,-150
-143,150
-143,149
-143,148
-143,147
-143,146
-143,145
-143,144
-143,143
-143,142
-143,141
-143,140
-143,139
-143,138
-143,137
-143,136
-143,135
-143,134
-143,133
-143,132
-143,131
-143,130
-143,129
-143,128
-143,127
-143,126
-143,125
-143,124
-143,123
-143,122
-143,121
-143,120
-143,119
-143,118
-143,117
-143,116
-143,115
-143,114
-143,113
-143,112
-143,111
-143,110
-143,109
-143,108
-143,107
-143,106
-143,105
-143,104
-143,103
-143,102
-143,101
-143,100
-143,99
-143,98
-143,97
-143,96
-143,95
-143,94
-143,93
-143,92
-143,91
-143,90
-143,89
-143,88
-143,87
-143,86
-143,85
-143,84
-143,83
-143,82
-143,81
-143,80
-143,79
-143,78
-143,77
-143,76
-143,75
-143,74
-143,73
-143,72
-143,71
-143,70
-143,69
-143,68
-143,67
-143,66
-143,65
-143,64
-143,63
-143,62
-143,61
-143,60
-143,59
-143,58
-143,57
-143,56
-143,55
-143,54
-143,53
-143,52
-143,51
-143,50
-143,49
-143,48
-143,47
-143,46
-143,45
-143,44
-143,43
-143,42
-143,41
-143,40
-143,39
-143,38
-143,37
-143,36
-143,35
-143,34
-143,33
-143,32
-143,31
-143,30
-143,29
-143,28
-143,27
-143,26
-143,25
-143,24
-143,23
-143,22
-143,21
-143,20
-143,19
-143,18
-143,17
-143,16
-143,15
-143,14
-143,13
-143,12
-143,11
-143,10
-143,9
-143,8
-143,7
-143,6
-143,5
-143,4
-143,3
-143,2
-143,1
-143,0
-143,-1
-143,-2
-143,-3
-143,-4
-143,-5
-143,-6
-143,-7
-143,-8
-143,-9
-143,-10
-143,-11
-143,-12
-143,-13
-143,-14
-143,-15
-143,-16
-143,-17
-143,-18
-143,-19
-143,-20
-143,-21
-143,-22
-143,-23
-143,-24
-143,-25
-143,-26
-143,-27
-143,-28
-143,-29
-143,-30
-143,-31
-143,-32
-143,-33
-143,-34
-143,-35
-143,-36
-143,-37
-143,-38
-143,-39
-143,-40
-143,-41
-143,-42
-143,-43
-143,-44
-143,-45
-143,-46
-143,-47
-143,-48
-143,-49
-143,-50
-143,-51
-143,-52
-143,-53
-143,-54
-143,-55
-143,-56
-143,-57
-143,-58
-143,-59
-143,-60
-143,-61
-143,-62
-143,-63
-143,-64
-143,-65
-143,-66
-143,-67
-143,-68
-143,-69
-143,-70
-143,-71
-143,-72
-143,-73
-143,-74
-143,-75
-143,-76
-143,-77
-143,-78
-143,-79
-143,-80
-143,-81
-143,-82
-143,-83
-143,-84
-143,-85
-143,-86
-143,-87
-143,-88
-143,-89
-143,-90
-143,-91
-143,-92
-143,-93
-143,-94
-143,-95
-143,-96
-143,-97
-143,-98
-143,-99
-143,-100
-143,-101
-143,-102
-143,-103
-143,-104
-143,-105
-143,-106
-143,-107
-143,-108
-143,-109
-143,-110
-143,-111
-143,-112
-143,-113
-143,-114
-143,-115
-143,-116
-143,-117
-143,-118
-143,-119
-143,-120
-143,-121
-143,-122
-143,-123
-143,-124
-143,-125
-143,-126
-143,-127
-143,-128
-143,-129
-143,-130
-143,-131
-143,-132
-143,-133
-143,-134
-143,-135
-143,-136
-143,-137
-143,-138
-143,-139
-143,-140
-143,-141
-143,-142
-143,-143
-143,-144
-143,-145
-143,-146
-143,-147
-143,-148
-143,-149
-143,-150
-142,150
-142,149
-142,148
-142,147
-142,146
-142,145
-142,144
-142,143
-142,142
-142,141
-142,140
-142,139
-142,138
-142,137
-142,136
-142,135
-142,134
-142,133
-142,132
-142,131
-142,130
-142,129
-142,128
-142,127
-142,126
-142,125
-142,124
-142,123
-142,122
-142,121
-142,120
-142,119
-142,118
-142,117
-142,116
-142,115
-142,114
-142,113
-142,112
-142,111
-142,110
-142,109
-142,108
-142,107
-142,106
-142,105
-142,104
-142,103
-142,102
-142,101
-142,100
-142,99
-142,98
-142,97
-142,96
-142,95
-142,94
-142,93
-142,92
-142,91
-142,90
-142,89
-142,88
-142,87
-142,86
-142,85
-142,84
-142,83
-142,82
-142,81
-142,80
-142,79
-142,78
-142,77
-142,76
-142,75
-142,74
-142,73
-142,72
-142,71
-142,70
-142,69
-142,68
-142,67
-142,66
-142,65
-142,64
-142,63
-142,62
-142,61
-142,60
-142,59
-142,58
-142,57
-142,56
-142,55
-142,54
-142,53
-142,52
-142,51
-142,50
-142,49
-142,48
-142,47
-142,46
-142,45
-142,44
-142,43
-142,42
-142,41
-142,40
-142,39
-142,38
-142,37
-142,36
-142,35
-142,34
-142,33
-142,32
-142,31
-142,30
-142,29
-142,28
-142,27
-142,26
-142,25
-142,24
-142,23
-142,22
-142,21
-142,20
-142,19
-142,18
-142,17
-142,16
-142,15
-142,14
-142,13
-142,12
-142,11
-142,10
-142,9
-142,8
-142,7
-142,6
-142,5
-142,4
-142,3
-142,2
-142,1
-142,0
-142,-1
-142,-2
-142,-3
-142,-4
-142,-5
-142,-6
-142,-7
-142,-8
-142,-9
-142,-10
-142,-11
-142,-12
-142,-13
-142,-14
-142,-15
-142,-16
-142,-17
-142,-18
-142,-19
-142,-20
-142,-21
-142,-22
-142,-23
-142,-24
-142,-25
-142,-26
-142,-27
-142,-28
-142,-29
-142,-30
-142,-31
-142,-32
-142,-33
-142,-34
-142,-35
-142,-36
-142,-37
-142,-38
-142,-39
-142,-40
-142,-41
-142,-42
-142,-43
-142,-44
-142,-45
-142,-46
-142,-47
-142,-48
-142,-49
-142,-50
-142,-51
-142,-52
-142,-53
-142,-54
-142,-55
-142,-56
-142,-57
-142,-58
-142,-59
-142,-60
-142,-61
-142,-62
-142,-63
-142,-64
-142,-65
-142,-66
-142,-67
-142,-68
-142,-69
-142,-70
-142,-71
-142,-72
-142,-73
-142,-74
-142,-75
-142,-76
-142,-77
-142,-78
-142,-79
-142,-80
-142,-81
-142,-82
-142,-83
-142,-84
-142,-85
-142,-86
-142,-87
-142,-88
-142,-89
-142,-90
-142,-91
-142,-92
-142,-93
-142,-94
-142,-95
-142,-96
-142,-97
-142,-98
-142,-99
-142,-100
-142,-101
-142,-102
-142,-103
-142,-104
-142,-105
-142,-106
-142,-107
-142,-108
-142,-109
-142,-110
-142,-111
-142,-112
-142,-113
-142,-114
-142,-115
-142,-116
-142,-117
-142,-118
-142,-119
-142,-120
-142,-121
-142,-122
-142,-123
-142,-124
-142,-125
-142,-126
-142,-127
-142,-128
-142,-129
-142,-130
-142,-131
-142,-132
-142,-133
-142,-134
-142,-135
-142,-136
-142,-137
-142,-138
-142,-139
-142,-140
-142,-141
-142,-142
-142,-143
-142,-144
-142,-145
-142,-146
-142,-147
-142,-148
-142,-149
-142,-150
-141,150
-141,149
-141,148
-141,147
-141,146
-141,145
-141,144
-141,143
-141,142
-141,141
-141,140
-141,139
-141,138
-141,137
-141,136
-141,135
-141,134
-141,133
-141,132
-141,131
-141,130
-141,129
-141,128
-141,127
-141,126
-141,125
-141,124
-141,123
-141,122
-141,121
-141,120
-141,119
-141,118
-141,117
-141,116
-141,115
-141,114
-141,113
-141,112
-141,111
-141,110
-141,109
-141,108
-141,107
-141,106
-141,105
-141,104
-141,103
-141,102
-141,101
-141,100
-141,99
-141,98
-141,97
-141,96
-141,95
-141,94
-141,93
-141,92
-141,91
-141,90
-141,89
-141,88
-141,87
-141,86
-141,85
-141,84
-141,83
-141,82
-141,81
-141,80
-141,79
-141,78
-141,77
-141,76
-141,75
-141,74
-141,73
-141,72
-141,71
-141,70
-141,69
-141,68
-141,67
-141,66
-141,65
-141,64
-141,63
-141,62
-141,61
-141,60
-141,59
-141,58
-141,57
-141,56
-141,55
-141,54
-141,53
-141,52
-141,51
-141,50
-141,49
-141,48
-141,47
-141,46
-141,45
-141,44
-141,43
-141,42
-141,41
-141,40
-141,39
-141,38
-141,37
-141,36
-141,35
-141,34
-141,33
-141,32
-141,31
-141,30
-141,29
-141,28
-141,27
-141,26
-141,25
-141,24
-141,23
-141,22
-141,21
-141,20
-141,19
-141,18
-141,17
-141,16
-141,15
-141,14
-141,13
-141,12
-141,11
-141,10
-141,9
-141,8
-141,7
-141,6
-141,5
-141,4
-141,3
-141,2
-141,1
-141,0
-141,-1
-141,-2
-141,-3
-141,-4
-141,-5
-141,-6
-141,-7
-141,-8
-141,-9
-141,-10
-141,-11
-141,-12
-141,-13
-141,-14
-141,-15
-141,-16
-141,-17
-141,-18
-141,-19
-141,-20
-141,-21
-141,-22
-141,-23
-141,-24
-141,-25
-141,-26
-141,-27
-141,-28
-141,-29
-141,-30
-141,-31
-141,-32
-141,-33
-141,-34
-141,-35
-141,-36
-141,-37
-141,-38
-141,-39
-141,-40
-141,-41
-141,-42
-141,-43
-141,-44
-141,-45
-141,-46
-141,-47
-141,-48
-141,-49
-141,-50
-141,-51
-141,-52
-141,-53
-141,-54
-141,-55
-141,-56
-141,-57
-141,-58
-141,-59
-141,-60
-141,-61
-141,-62
-141,-63
-141,-64
-141,-65
-141,-66
-141,-67
-141,-68
-141,-69
-141,-70
-141,-71
-141,-72
-141,-73
-141,-74
-141,-75
-141,-76
-141,-77
-141,-78
-141,-79
-141,-80
-141,-81
-141,-82
-141,-83
-141,-84
-141,-85
-141,-86
-141,-87
-141,-88
-141,-89
-141,-90
-141,-91
-141,-92
-141,-93
-141,-94
-141,-95
-141,-96
-141,-97
-141,-98
-141,-99
-141,-100
-141,-101
-141,-102
-141,-103
-141,-104
-141,-105
-141,-106
-141,-107
-141,-108
-141,-109
-141,-110
-141,-111
-141,-112
-141,-113
-141,-114
-141,-115
-141,-116
-141,-117
-141,-118
-141,-119
-141,-120
-141,-121
-141,-122
-141,-123
-141,-124
-141,-125
-141,-126
-141,-127
-141,-128
-141,-129
-141,-130
-141,-131
-141,-132
-141,-133
-141,-134
-141,-135
-141,-136
-141,-137
