55,-83
55,-84
55,-85
55,-86
55,-87
55,-88
55,-89
55,-90
55,-91
55,-92
55,-93
55,-94
55,-95
55,-96
55,-97
55,-98
55,-99
55,-100
55,-101
55,-102
55,-103
55,-104
55,-105
55,-106
55,-107
55,-108
55,-109
55,-110
55,-111
55,-112
55,-113
55,-114
55,-115
55,-116
55,-117
55,-118
55,-119
55,-120
55,-121
55,-122
55,-123
55,-124
55,-125
55,-126
55,-127
55,-128
55,-129
55,-130
55,-131
55,-132
55,-133
55,-134
55,-135
55,-136
55,-137
55,-138
55,-139
55,-140
55,-141
55,-142
55,-143
55,-144
55,-145
55,-146
55,-147
55,-148
55,-149
55,-150
56,150
56,149
56,148
56,147
56,146
56,145
56,144
56,143
56,142
56,141
56,140
56,139
56,138
56,137
56,136
56,135
56,134
56,133
56,132
56,131
56,130
56,129
56,128
56,127
56,126
56,125
56,124
56,123
56,122
56,121
56,120
56,119
56,118
56,117
56,116
56,115
56,114
56,113
56,112
56,111
56,110
56,109
56,108
56,107
56,106
56,105
56,104
56,103
56,102
56,101
56,100
56,99
56,98
56,97
56,96
56,95
56,94
56,93
56,92
56,91
56,90
56,89
56,88
56,87
56,86
56,85
56,84
56,83
56,82
56,81
56,80
56,79
56,78
56,77
56,76
56,75
56,74
56,73
56,72
56,71
56,70
56,69
56,68
56,67
56,66
56,65
56,64
56,63
56,62
56,61
56,60
56,59
56,58
56,57
56,56
56,55
56,54
56,53
56,52
56,51
56,50
56,49
56,48
56,47
56,46
56,45
56,44
56,43
56,42
56,41
56,40
56,39
56,38
56,37
56,36
56,35
56,34
56,33
56,32
56,31
56,30
56,29
56,28
56,27
56,26
56,25
56,24
56,23
56,22
56,21
56,20
56,19
56,18
56,17
56,16
56,15
56,14
56,13
56,12
56,11
56,10
56,9
56,8
56,7
56,6
56,5
56,4
56,3
56,2
56,1
56,0
56,-1
56,-2
56,-3
56,-4
56,-5
56,-6
56,-7
56,-8
56,-9
56,-10
56,-11
56,-12
56,-13
56,-14
56,-15
56,-16
56,-17
56,-18
56,-19
56,-20
56,-21
56,-22
56,-23
56,-24
56,-25
56,-26
56,-27
56,-28
56,-29
56,-30
56,-31
56,-32
56,-33
56,-34
56,-35
56,-36
56,-37
56,-38
56,-39
56,-40
56,-41
56,-42
56,-43
56,-44
56,-45
56,-46
56,-47
56,-48
56,-49
56,-50
56,-51
56,-52
56,-53
56,-54
56,-55
56,-56
56,-57
56,-58
56,-59
56,-60
56,-61
56,-62
56,-63
56,-64
56,-65
56,-66
56,-67
56,-68
56,-69
56,-70
56,-71
56,-72
56,-73
56,-74
56,-75
56,-76
56,-77
56,-78
56,-79
56,-80
56,-81
56,-82
56,-83
56,-84
56,-85
56,-86
56,-87
56,-88
56,-89
56,-90
56,-91
56,-92
56,-93
56,-94
56,-95
56,-96
56,-97
56,-98
56,-99
56,-100
56,-101
56,-102
56,-103
56,-104
56,-105
56,-106
56,-107
56,-108
56,-109
56,-110
56,-111
56,-112
56,-113
56,-114
56,-115
56,-116
56,-117
56,-118
56,-119
56,-120
56,-121
56,-122
56,-123
56,-124
56,-125
56,-126
56,-127
56,-128
56,-129
56,-130
56,-131
56,-132
56,-133
56,-134
56,-135
56,-136
56,-137
56,-138
56,-139
56,-140
56,-141
56,-142
56,-143
56,-144
56,-145
56,-146
56,-147
56,-148
56,-149
56,-150
57,150
57,149
57,148
57,147
57,146
57,145
57,144
57,143
57,142
57,141
57,140
57,139
57,138
57,137
57,136
57,135
57,134
57,133
57,132
57,131
57,130
57,129
57,128
57,127
57,126
57,125
57,124
57,123
57,122
57,121
57,120
57,119
57,118
57,117
57,116
57,115
57,114
57,113
57,112
57,111
57,110
57,109
57,108
57,107
57,106
57,105
57,104
57,103
57,102
57,101
57,100
57,99
57,98
57,97
57,96
57,95
57,94
57,93
57,92
57,91
57,90
57,89
57,88
57,87
57,86
57,85
57,84
57,83
57,82
57,81
57,80
57,79
57,78
57,77
57,76
57,75
57,74
57,73
57,72
57,71
57,70
57,69
57,68
57,67
57,66
57,65
57,64
57,63
57,62
57,61
57,60
57,59
57,58
57,57
57,56
57,55
57,54
57,53
57,52
57,51
57,50
57,49
57,48
57,47
57,46
57,45
57,44
57,43
57,42
57,41
57,40
57,39
57,38
57,37
57,36
57,35
57,34
57,33
57,32
57,31
57,30
57,29
57,28
57,27
57,26
57,25
57,24
57,23
57,22
57,21
57,20
57,19
57,18
57,17
57,16
57,15
57,14
57,13
57,12
57,11
57,10
57,9
57,8
57,7
57,6
57,5
57,4
57,3
57,2
57,1
57,0
57,-1
57,-2
57,-3
57,-4
57,-5
57,-6
57,-7
57,-8
57,-9
57,-10
57,-11
57,-12
57,-13
57,-14
57,-15
57,-16
57,-17
57,-18
57,-19
57,-20
57,-21
57,-22
57,-23
57,-24
57,-25
57,-26
57,-27
57,-28
57,-29
57,-30
57,-31
57,-32
57,-33
57,-34
57,-35
57,-36
57,-37
57,-38
57,-39
57,-40
57,-41
57,-42
57,-43
57,-44
57,-45
57,-46
57,-47
57,-48
57,-49
57,-50
57,-51
57,-52
57,-53
57,-54
57,-55
57,-56
57,-57
57,-58
57,-59
57,-60
57,-61
57,-62
57,-63
57,-64
57,-65
57,-66
57,-67
57,-68
57,-69
57,-70
57,-71
57,-72
57,-73
57,-74
57,-75
57,-76
57,-77
57,-78
57,-79
57,-80
57,-81
57,-82
57,-83
57,-84
57,-85
57,-86
57,-87
57,-88
57,-89
57,-90
57,-91
57,-92
57,-93
57,-94
57,-95
57,-96
57,-97
57,-98
57,-99
57,-100
57,-101
57,-102
57,-103
57,-104
57,-105
57,-106
57,-107
57,-108
57,-109
57,-110
57,-111
57,-112
57,-113
57,-114
57,-115
57,-116
57,-117
57,-118
57,-119
57,-120
57,-121
57,-122
57,-123
57,-124
57,-125
57,-126
57,-127
57,-128
57,-129
57,-130
57,-131
57,-132
57,-133
57,-134
57,-135
57,-136
57,-137
57,-138
57,-139
57,-140
57,-141
57,-142
57,-143
57,-144
57,-145
57,-146
57,-147
57,-148
57,-149
57,-150
58,150
58,149
58,148
58,147
58,146
58,145
58,144
58,143
58,142
58,141
58,140
58,139
58,138
58,137
58,136
58,135
58,134
58,133
58,132
58,131
58,130
58,129
58,128
58,127
58,126
58,125
58,124
58,123
58,122
58,121
58,120
58,119
58,118
58,117
58,116
58,115
58,114
58,113
58,112
58,111
58,110
58,109
58,108
58,107
58,106
58,105
58,104
58,103
58,102
58,101
58,100
58,99
58,98
58,97
58,96
58,95
58,94
58,93
58,92
58,91
58,90
58,89
58,88
58,87
58,86
58,85
58,84
58,83
58,82
58,81
58,80
58,79
58,78
58,77
58,76
58,75
58,74
58,73
58,72
58,71
58,70
58,69
58,68
58,67
58,66
58,65
58,64
58,63
58,62
58,61
58,60
58,59
58,58
58,57
58,56
58,55
58,54
58,53
58,52
58,51
58,50
58,49
58,48
58,47
58,46
58,45
58,44
58,43
58,42
58,41
58,40
58,39
58,38
58,37
58,36
58,35
58,34
58,33
58,32
58,31
58,30
58,29
58,28
58,27
58,26
58,25
58,24
58,23
58,22
58,21
58,20
58,19
58,18
58,17
58,16
58,15
58,14
58,13
58,12
58,11
58,10
58,9
58,8
58,7
58,6
58,5
58,4
58,3
58,2
58,1
58,0
58,-1
58,-2
58,-3
58,-4
58,-5
58,-6
58,-7
58,-8
58,-9
58,-10
58,-11
58,-12
58,-13
58,-14
58,-15
58,-16
58,-17
58,-18
58,-19
58,-20
58,-21
58,-22
58,-23
58,-24
58,-25
58,-26
58,-27
58,-28
58,-29
58,-30
58,-31
58,-32
58,-33
58,-34
58,-35
58,-36
58,-37
58,-38
58,-39
58,-40
58,-41
58,-42
58,-43
58,-44
58,-45
58,-46
58,-47
58,-48
58,-49
58,-50
58,-51
58,-52
58,-53
58,-54
58,-55
58,-56
58,-57
58,-58
58,-59
58,-60
58,-61
58,-62
58,-63
58,-64
58,-65
58,-66
58,-67
58,-68
58,-69
58,-70
58,-71
58,-72
58,-73
58,-74
58,-75
58,-76
58,-77
58,-78
58,-79
58,-80
58,-81
58,-82
58,-83
58,-84
58,-85
58,-86
58,-87
58,-88
58,-89
58,-90
58,-91
58,-92
58,-93
58,-94
58,-95
58,-96
58,-97
58,-98
58,-99
58,-100
58,-101
58,-102
58,-103
58,-104
58,-105
58,-106
58,-107
58,-108
58,-109
58,-110
58,-111
58,-112
58,-113
58,-114
58,-115
58,-116
58,-117
58,-118
58,-119
58,-120
58,-121
58,-122
58,-123
58,-124
58,-125
58,-126
58,-127
58,-128
58,-129
58,-130
58,-131
58,-132
58,-133
58,-134
58,-135
58,-136
58,-137
58,-138
58,-139
58,-140
58,-141
58,-142
58,-143
58,-144
58,-145
58,-146
58,-147
58,-148
58,-149
58,-150
59,150
59,149
59,148
59,147
59,146
59,145
59,144
59,143
59,142
59,141
59,140
59,139
59,138
59,137
59,136
59,135
59,134
59,133
59,132
59,131
59,130
59,129
59,128
59,127
59,126
59,125
59,124
59,123
