-77,145
-77,144
-77,143
-77,142
-77,141
-77,140
-77,139
-77,138
-77,137
-77,136
-77,135
-77,134
-77,133
-77,132
-77,131
-77,130
-77,129
-77,128
-77,127
-77,126
-77,125
-77,124
-77,123
-77,122
-77,121
-77,120
-77,119
-77,118
-77,117
-77,116
-77,115
-77,114
-77,113
-77,112
-77,111
-77,110
-77,109
-77,108
-77,107
-77,106
-77,105
-77,104
-77,103
-77,102
-77,101
-77,100
-77,99
-77,98
-77,97
-77,96
-77,95
-77,94
-77,93
-77,92
-77,91
-77,90
-77,89
-77,88
-77,87
-77,86
-77,85
-77,84
-77,83
-77,82
-77,81
-77,80
-77,79
-77,78
-77,77
-77,76
-77,75
-77,74
-77,73
-77,72
-77,71
-77,70
-77,69
-77,68
-77,67
-77,66
-77,65
-77,64
-77,63
-77,62
-77,61
-77,60
-77,59
-77,58
-77,57
-77,56
-77,55
-77,54
-77,53
-77,52
-77,51
-77,50
-77,49
-77,48
-77,47
-77,46
-77,45
-77,44
-77,43
-77,42
-77,41
-77,40
-77,39
-77,38
-77,37
-77,36
-77,35
-77,34
-77,33
-77,32
-77,31
-77,30
-77,29
-77,28
-77,27
-77,26
-77,25
-77,24
-77,23
-77,22
-77,21
-77,20
-77,19
-77,18
-77,17
-77,16
-77,15
-77,14
-77,13
-77,12
-77,11
-77,10
-77,9
-77,8
-77,7
-77,6
-77,5
-77,4
-77,3
-77,2
-77,1
-77,0
-77,-1
-77,-2
-77,-3
-77,-4
-77,-5
-77,-6
-77,-7
-77,-8
-77,-9
-77,-10
-77,-11
-77,-12
-77,-13
-77,-14
-77,-15
-77,-16
-77,-17
-77,-18
-77,-19
-77,-20
-77,-21
-77,-22
-77,-23
-77,-24
-77,-25
-77,-26
-77,-27
-77,-28
-77,-29
-77,-30
-77,-31
-77,-32
-77,-33
-77,-34
-77,-35
-77,-36
-77,-37
-77,-38
-77,-39
-77,-40
-77,-41
-77,-42
-77,-43
-77,-44
-77,-45
-77,-46
-77,-47
-77,-48
-77,-49
-77,-50
-77,-51
-77,-52
-77,-53
-77,-54
-77,-55
-77,-56
-77,-57
-77,-58
-77,-59
-77,-60
-77,-61
-77,-62
-77,-63
-77,-64
-77,-65
-77,-66
-77,-67
-77,-68
-77,-69
-77,-70
-77,-71
-77,-72
-77,-73
-77,-74
-77,-75
-77,-76
-77,-77
-77,-78
-77,-79
-77,-80
-77,-81
-77,-82
-77,-83
-77,-84
-77,-85
-77,-86
-77,-87
-77,-88
-77,-89
-77,-90
-77,-91
-77,-92
-77,-93
-77,-94
-77,-95
-77,-96
-77,-97
-77,-98
-77,-99
-77,-100
-77,-101
-77,-102
-77,-103
-77,-104
-77,-105
-77,-106
-77,-107
-77,-108
-77,-109
-77,-110
-77,-111
-77,-112
-77,-113
-77,-114
-77,-115
-77,-116
-77,-117
-77,-118
-77,-119
-77,-120
-77,-121
-77,-122
-77,-123
-77,-124
-77,-125
-77,-126
-77,-127
-77,-128
-77,-129
-77,-130
-77,-131
-77,-132
-77,-133
-77,-134
-77,-135
-77,-136
-77,-137
-77,-138
-77,-139
-77,-140
-77,-141
-77,-142
-77,-143
-77,-144
-77,-145
-77,-146
-77,-147
-77,-148
-77,-149
-77,-150
-76,150
-76,149
-76,148
-76,147
-76,146
-76,145
-76,144
-76,143
-76,142
-76,141
-76,140
-76,139
-76,138
-76,137
-76,136
-76,135
-76,134
-76,133
-76,132
-76,131
-76,130
-76,129
-76,128
-76,127
-76,126
-76,125
-76,124
-76,123
-76,122
-76,121
-76,120
-76,119
-76,118
-76,117
-76,116
-76,115
-76,114
-76,113
-76,112
-76,111
-76,110
-76,109
-76,108
-76,107
-76,106
-76,105
-76,104
-76,103
-76,102
-76,101
-76,100
-76,99
-76,98
-76,97
-76,96
-76,95
-76,94
-76,93
-76,92
-76,91
-76,90
-76,89
-76,88
-76,87
-76,86
-76,85
-76,84
-76,83
-76,82
-76,81
-76,80
-76,79
-76,78
-76,77
-76,76
-76,75
-76,74
-76,73
-76,72
-76,71
-76,70
-76,69
-76,68
-76,67
-76,66
-76,65
-76,64
-76,63
-76,62
-76,61
-76,60
-76,59
-76,58
-76,57
-76,56
-76,55
-76,54
-76,53
-76,52
-76,51
-76,50
-76,49
-76,48
-76,47
-76,46
-76,45
-76,44
-76,43
-76,42
-76,41
-76,40
-76,39
-76,38
-76,37
-76,36
-76,35
-76,34
-76,33
-76,32
-76,31
-76,30
-76,29
-76,28
-76,27
-76,26
-76,25
-76,24
-76,23
-76,22
-76,21
-76,20
-76,19
-76,18
-76,17
-76,16
-76,15
-76,14
-76,13
-76,12
-76,11
-76,10
-76,9
-76,8
-76,7
-76,6
-76,5
-76,4
-76,3
-76,2
-76,1
-76,0
-76,-1
-76,-2
-76,-3
-76,-4
-76,-5
-76,-6
-76,-7
-76,-8
-76,-9
-76,-10
-76,-11
-76,-12
-76,-13
-76,-14
-76,-15
-76,-16
-76,-17
-76,-18
-76,-19
-76,-20
-76,-21
-76,-22
-76,-23
-76,-24
-76,-25
-76,-26
-76,-27
-76,-28
-76,-29
-76,-30
-76,-31
-76,-32
-76,-33
-76,-34
-76,-35
-76,-36
-76,-37
-76,-38
-76,-39
-76,-40
-76,-41
-76,-42
-76,-43
-76,-44
-76,-45
-76,-46
-76,-47
-76,-48
-76,-49
-76,-50
-76,-51
-76,-52
-76,-53
-76,-54
-76,-55
-76,-56
-76,-57
-76,-58
-76,-59
-76,-60
-76,-61
-76,-62
-76,-63
-76,-64
-76,-65
-76,-66
-76,-67
-76,-68
-76,-69
-76,-70
-76,-71
-76,-72
-76,-73
-76,-74
-76,-75
-76,-76
-76,-77
-76,-78
-76,-79
-76,-80
-76,-81
-76,-82
-76,-83
-76,-84
-76,-85
-76,-86
-76,-87
-76,-88
-76,-89
-76,-90
-76,-91
-76,-92
-76,-93
-76,-94
-76,-95
-76,-96
-76,-97
-76,-98
-76,-99
-76,-100
-76,-101
-76,-102
-76,-103
-76,-104
-76,-105
-76,-106
-76,-107
-76,-108
-76,-109
-76,-110
-76,-111
-76,-112
-76,-113
-76,-114
-76,-115
-76,-116
-76,-117
-76,-118
-76,-119
-76,-120
-76,-121
-76,-122
-76,-123
-76,-124
-76,-125
-76,-126
-76,-127
-76,-128
-76,-129
-76,-130
-76,-131
-76,-132
-76,-133
-76,-134
-76,-135
-76,-136
-76,-137
-76,-138
-76,-139
-76,-140
-76,-141
-76,-142
-76,-143
-76,-144
-76,-145
-76,-146
-76,-147
-76,-148
-76,-149
-76,-150
-75,150
-75,149
-75,148
-75,147
-75,146
-75,145
-75,144
-75,143
-75,142
-75,141
-75,140
-75,139
-75,138
-75,137
-75,136
-75,135
-75,134
-75,133
-75,132
-75,131
-75,130
-75,129
-75,128
-75,127
-75,126
-75,125
-75,124
-75,123
-75,122
-75,121
-75,120
-75,119
-75,118
-75,117
-75,116
-75,115
-75,114
-75,113
-75,112
-75,111
-75,110
-75,109
-75,108
-75,107
-75,106
-75,105
-75,104
-75,103
-75,102
-75,101
-75,100
-75,99
-75,98
-75,97
-75,96
-75,95
-75,94
-75,93
-75,92
-75,91
-75,90
-75,89
-75,88
-75,87
-75,86
-75,85
-75,84
-75,83
-75,82
-75,81
-75,80
-75,79
-75,78
-75,77
-75,76
-75,75
-75,74
-75,73
-75,72
-75,71
-75,70
-75,69
-75,68
-75,67
-75,66
-75,65
-75,64
-75,63
-75,62
-75,61
-75,60
-75,59
-75,58
-75,57
-75,56
-75,55
-75,54
-75,53
-75,52
-75,51
-75,50
-75,49
-75,48
-75,47
-75,46
-75,45
-75,44
-75,43
-75,42
-75,41
-75,40
-75,39
-75,38
-75,37
-75,36
-75,35
-75,34
-75,33
-75,32
-75,31
-75,30
-75,29
-75,28
-75,27
-75,26
-75,25
-75,24
-75,23
-75,22
-75,21
-75,20
-75,19
-75,18
-75,17
-75,16
-75,15
-75,14
-75,13
-75,12
-75,11
-75,10
-75,9
-75,8
-75,7
-75,6
-75,5
-75,4
-75,3
-75,2
-75,1
-75,0
-75,-1
-75,-2
-75,-3
-75,-4
-75,-5
-75,-6
-75,-7
-75,-8
-75,-9
-75,-10
-75,-11
-75,-12
-75,-13
-75,-14
-75,-15
-75,-16
-75,-17
-75,-18
-75,-19
-75,-20
-75,-21
-75,-22
-75,-23
-75,-24
-75,-25
-75,-26
-75,-27
-75,-28
-75,-29
-75,-30
-75,-31
-75,-32
-75,-33
-75,-34
-75,-35
-75,-36
-75,-37
-75,-38
-75,-39
-75,-40
-75,-41
-75,-42
-75,-43
-75,-44
-75,-45
-75,-46
-75,-47
-75,-48
-75,-49
-75,-50
-75,-51
-75,-52
-75,-53
-75,-54
-75,-55
-75,-56
-75,-57
-75,-58
-75,-59
-75,-60
-75,-61
-75,-62
-75,-63
-75,-64
-75,-65
-75,-66
-75,-67
-75,-68
-75,-69
-75,-70
-75,-71
-75,-72
-75,-73
-75,-74
-75,-75
-75,-76
-75,-77
-75,-78
-75,-79
-75,-80
-75,-81
-75,-82
-75,-83
-75,-84
-75,-85
-75,-86
-75,-87
-75,-88
-75,-89
-75,-90
-75,-91
-75,-92
-75,-93
-75,-94
-75,-95
-75,-96
-75,-97
-75,-98
-75,-99
-75,-100
-75,-101
-75,-102
-75,-103
-75,-104
-75,-105
-75,-106
-75,-107
-75,-108
-75,-109
-75,-110
-75,-111
-75,-112
-75,-113
-75,-114
-75,-115
-75,-116
-75,-117
-75,-118
-75,-119
-75,-120
-75,-121
-75,-122
-75,-123
-75,-124
-75,-125
-75,-126
-75,-127
-75,-128
-75,-129
-75,-130
-75,-131
-75,-132
-75,-133
-75,-134
-75,-135
-75,-136
-75,-137
-75,-138
-75,-139
-75,-140
-75,-141
-75,-142
-75,-143
-75,-144
-75,-145
-75,-146
-75,-147
-75,-148
-75,-149
-75,-150
-74,150
-74,149
-74,148
-74,147
-74,146
-74,145
-74,144
-74,143
-74,142
-74,141
-74,140
-74,139
-74,138
-74,137
-74,136
-74,135
-74,134
-74,133
-74,132
-74,131
-74,130
-74,129
-74,128
-74,127
-74,126
-74,125
-74,124
-74,123
-74,122
-74,121
-74,120
-74,119
-74,118
-74,117
-74,116
-74,115
-74,114
-74,113
-74,112
-74,111
-74,110
-74,109
-74,108
-74,107
-74,106
-74,105
-74,104
-74,103
-74,102
-74,101
-74,100
-74,99
-74,98
-74,97
-74,96
-74,95
-74,94
-74,93
-74,92
-74,91
-74,90
-74,89
-74,88
-74,87
-74,86
-74,85
-74,84
-74,83
-74,82
-74,81
-74,80
-74,79
-74,78
-74,77
-74,76
-74,75
-74,74
-74,73
-74,72
-74,71
-74,70
-74,69
-74,68
-74,67
-74,66
-74,65
-74,64
-74,63
-74,62
-74,61
-74,60
-74,59
-74,58
-74,57
-74,56
-74,55
-74,54
-74,53
-74,52
-74,51
-74,50
