-137,67
-137,66
-137,65
-137,64
-137,63
-137,62
-137,61
-137,60
-137,59
-137,58
-137,57
-137,56
-137,55
-137,54
-137,53
-137,52
-137,51
-137,50
-137,49
-137,48
-137,47
-137,46
-137,45
-137,44
-137,43
-137,42
-137,41
-137,40
-137,39
-137,38
-137,37
-137,36
-137,35
-137,34
-137,33
-137,32
-137,31
-137,30
-137,29
-137,28
-137,27
-137,26
-137,25
-137,24
-137,23
-137,22
-137,21
-137,20
-137,19
-137,18
-137,17
-137,16
-137,15
-137,14
-137,13
-137,12
-137,11
-137,10
-137,9
-137,8
-137,7
-137,6
-137,5
-137,4
-137,3
-137,2
-137,1
-137,0
-137,-1
-137,-2
-137,-3
-137,-4
-137,-5
-137,-6
-137,-7
-137,-8
-137,-9
-137,-10
-137,-11
-137,-12
-137,-13
-137,-14
-137,-15
-137,-16
-137,-17
-137,-18
-137,-19
-137,-20
-137,-21
-137,-22
-137,-23
-137,-24
-137,-25
-137,-26
-137,-27
-137,-28
-137,-29
-137,-30
-137,-31
-137,-32
-137,-33
-137,-34
-137,-35
-137,-36
-137,-37
-137,-38
-137,-39
-137,-40
-137,-41
-137,-42
-137,-43
-137,-44
-137,-45
-137,-46
-137,-47
-137,-48
-137,-49
-137,-50
-137,-51
-137,-52
-137,-53
-137,-54
-137,-55
-137,-56
-137,-57
-137,-58
-137,-59
-137,-60
-137,-61
-137,-62
-137,-63
-137,-64
-137,-65
-137,-66
-137,-67
-137,-68
-137,-69
-137,-70
-137,-71
-137,-72
-137,-73
-137,-74
-137,-75
-137,-76
-137,-77
-137,-78
-137,-79
-137,-80
-137,-81
-137,-82
-137,-83
-137,-84
-137,-85
-137,-86
-137,-87
-137,-88
-137,-89
-137,-90
-137,-91
-137,-92
-137,-93
-137,-94
-137,-95
-137,-96
-137,-97
-137,-98
-137,-99
-137,-100
-137,-101
-137,-102
-137,-103
-137,-104
-137,-105
-137,-106
-137,-107
-137,-108
-137,-109
-137,-110
-137,-111
-137,-112
-137,-113
-137,-114
-137,-115
-137,-116
-137,-117
-137,-118
-137,-119
-137,-120
-137,-121
-137,-122
-137,-123
-137,-124
-137,-125
-137,-126
-137,-127
-137,-128
-137,-129
-137,-130
-137,-131
-137,-132
-137,-133
-137,-134
-137,-135
-137,-136
-137,-137
-137,-138
-137,-139
-137,-140
-137,-141
-137,-142
-137,-143
-137,-144
-137,-145
-137,-146
-137,-147
-137,-148
-137,-149
-137,-150
-136,150
-136,149
-136,148
-136,147
-136,146
-136,145
-136,144
-136,143
-136,142
-136,141
-136,140
-136,139
-136,138
-136,137
-136,136
-136,135
-136,134
-136,133
-136,132
-136,131
-136,130
-136,129
-136,128
-136,127
-136,126
-136,125
-136,124
-136,123
-136,122
-136,121
-136,120
-136,119
-136,118
-136,117
-136,116
-136,115
-136,114
-136,113
-136,112
-136,111
-136,110
-136,109
-136,108
-136,107
-136,106
-136,105
-136,104
-136,103
-136,102
-136,101
-136,100
-136,99
-136,98
-136,97
-136,96
-136,95
-136,94
-136,93
-136,92
-136,91
-136,90
-136,89
-136,88
-136,87
-136,86
-136,85
-136,84
-136,83
-136,82
-136,81
-136,80
-136,79
-136,78
-136,77
-136,76
-136,75
-136,74
-136,73
-136,72
-136,71
-136,70
-136,69
-136,68
-136,67
-136,66
-136,65
-136,64
-136,63
-136,62
-136,61
-136,60
-136,59
-136,58
-136,57
-136,56
-136,55
-136,54
-136,53
-136,52
-136,51
-136,50
-136,49
-136,48
-136,47
-136,46
-136,45
-136,44
-136,43
-136,42
-136,41
-136,40
-136,39
-136,38
-136,37
-136,36
-136,35
-136,34
-136,33
-136,32
-136,31
-136,30
-136,29
-136,28
-136,27
-136,26
-136,25
-136,24
-136,23
-136,22
-136,21
-136,20
-136,19
-136,18
-136,17
-136,16
-136,15
-136,14
-136,13
-136,12
-136,11
-136,10
-136,9
-136,8
-136,7
-136,6
-136,5
-136,4
-136,3
-136,2
-136,1
-136,0
-136,-1
-136,-2
-136,-3
-136,-4
-136,-5
-136,-6
-136,-7
-136,-8
-136,-9
-136,-10
-136,-11
-136,-12
-136,-13
-136,-14
-136,-15
-136,-16
-136,-17
-136,-18
-136,-19
-136,-20
-136,-21
-136,-22
-136,-23
-136,-24
-136,-25
-136,-26
-136,-27
-136,-28
-136,-29
-136,-30
-136,-31
-136,-32
-136,-33
-136,-34
-136,-35
-136,-36
-136,-37
-136,-38
-136,-39
-136,-40
-136,-41
-136,-42
-136,-43
-136,-44
-136,-45
-136,-46
-136,-47
-136,-48
-136,-49
-136,-50
-136,-51
-136,-52
-136,-53
-136,-54
-136,-55
-136,-56
-136,-57
-136,-58
-136,-59
-136,-60
-136,-61
-136,-62
-136,-63
-136,-64
-136,-65
-136,-66
-136,-67
-136,-68
-136,-69
-136,-70
-136,-71
-136,-72
-136,-73
-136,-74
-136,-75
-136,-76
-136,-77
-136,-78
-136,-79
-136,-80
-136,-81
-136,-82
-136,-83
-136,-84
-136,-85
-136,-86
-136,-87
-136,-88
-136,-89
-136,-90
-136,-91
-136,-92
-136,-93
-136,-94
-136,-95
-136,-96
-136,-97
-136,-98
-136,-99
-136,-100
-136,-101
-136,-102
-136,-103
-136,-104
-136,-105
-136,-106
-136,-107
-136,-108
-136,-109
-136,-110
-136,-111
-136,-112
-136,-113
-136,-114
-136,-115
-136,-116
-136,-117
-136,-118
-136,-119
-136,-120
-136,-121
-136,-122
-136,-123
-136,-124
-136,-125
-136,-126
-136,-127
-136,-128
-136,-129
-136,-130
-136,-131
-136,-132
-136,-133
-136,-134
-136,-135
-136,-136
-136,-137
-136,-138
-136,-139
-136,-140
-136,-141
-136,-142
-136,-143
-136,-144
-136,-145
-136,-146
-136,-147
-136,-148
-136,-149
-136,-150
-135,150
-135,149
-135,148
-135,147
-135,146
-135,145
-135,144
-135,143
-135,142
-135,141
-135,140
-135,139
-135,138
-135,137
-135,136
-135,135
-135,134
-135,133
-135,132
-135,131
-135,130
-135,129
-135,128
-135,127
-135,126
-135,125
-135,124
-135,123
-135,122
-135,121
-135,120
-135,119
-135,118
-135,117
-135,116
-135,115
-135,114
-135,113
-135,112
-135,111
-135,110
-135,109
-135,108
-135,107
-135,106
-135,105
-135,104
-135,103
-135,102
-135,101
-135,100
-135,99
-135,98
-135,97
-135,96
-135,95
-135,94
-135,93
-135,92
-135,91
-135,90
-135,89
-135,88
-135,87
-135,86
-135,85
-135,84
-135,83
-135,82
-135,81
-135,80
-135,79
-135,78
-135,77
-135,76
-135,75
-135,74
-135,73
-135,72
-135,71
-135,70
-135,69
-135,68
-135,67
-135,66
-135,65
-135,64
-135,63
-135,62
-135,61
-135,60
-135,59
-135,58
-135,57
-135,56
-135,55
-135,54
-135,53
-135,52
-135,51
-135,50
-135,49
-135,48
-135,47
-135,46
-135,45
-135,44
-135,43
-135,42
-135,41
-135,40
-135,39
-135,38
-135,37
-135,36
-135,35
-135,34
-135,33
-135,32
-135,31
-135,30
-135,29
-135,28
-135,27
-135,26
-135,25
-135,24
-135,23
-135,22
-135,21
-135,20
-135,19
-135,18
-135,17
-135,16
-135,15
-135,14
-135,13
-135,12
-135,11
-135,10
-135,9
-135,8
-135,7
-135,6
-135,5
-135,4
-135,3
-135,2
-135,1
-135,0
-135,-1
-135,-2
-135,-3
-135,-4
-135,-5
-135,-6
-135,-7
-135,-8
-135,-9
-135,-10
-135,-11
-135,-12
-135,-13
-135,-14
-135,-15
-135,-16
-135,-17
-135,-18
-135,-19
-135,-20
-135,-21
-135,-22
-135,-23
-135,-24
-135,-25
-135,-26
-135,-27
-135,-28
-135,-29
-135,-30
-135,-31
-135,-32
-135,-33
-135,-34
-135,-35
-135,-36
-135,-37
-135,-38
-135,-39
-135,-40
-135,-41
-135,-42
-135,-43
-135,-44
-135,-45
-135,-46
-135,-47
-135,-48
-135,-49
-135,-50
-135,-51
-135,-52
-135,-53
-135,-54
-135,-55
-135,-56
-135,-57
-135,-58
-135,-59
-135,-60
-135,-61
-135,-62
-135,-63
-135,-64
-135,-65
-135,-66
-135,-67
-135,-68
-135,-69
-135,-70
-135,-71
-135,-72
-135,-73
-135,-74
-135,-75
-135,-76
-135,-77
-135,-78
-135,-79
-135,-80
-135,-81
-135,-82
-135,-83
-135,-84
-135,-85
-135,-86
-135,-87
-135,-88
-135,-89
-135,-90
-135,-91
-135,-92
-135,-93
-135,-94
-135,-95
-135,-96
-135,-97
-135,-98
-135,-99
-135,-100
-135,-101
-135,-102
-135,-103
-135,-104
-135,-105
-135,-106
-135,-107
-135,-108
-135,-109
-135,-110
-135,-111
-135,-112
-135,-113
-135,-114
-135,-115
-135,-116
-135,-117
-135,-118
-135,-119
-135,-120
-135,-121
-135,-122
-135,-123
-135,-124
-135,-125
-135,-126
-135,-127
-135,-128
-135,-129
-135,-130
-135,-131
-135,-132
-135,-133
-135,-134
-135,-135
-135,-136
-135,-137
-135,-138
-135,-139
-135,-140
-135,-141
-135,-142
-135,-143
-135,-144
-135,-145
-135,-146
-135,-147
-135,-148
-135,-149
-135,-150
-134,150
-134,149
-134,148
-134,147
-134,146
-134,145
-134,144
-134,143
-134,142
-134,141
-134,140
-134,139
-134,138
-134,137
-134,136
-134,135
-134,134
-134,133
-134,132
-134,131
-134,130
-134,129
-134,128
-134,127
-134,126
-134,125
-134,124
-134,123
-134,122
-134,121
-134,120
-134,119
-134,118
-134,117
-134,116
-134,115
-134,114
-134,113
-134,112
-134,111
-134,110
-134,109
-134,108
-134,107
-134,106
-134,105
-134,104
-134,103
-134,102
-134,101
-134,100
-134,99
-134,98
-134,97
-134,96
-134,95
-134,94
-134,93
-134,92
-134,91
-134,90
-134,89
-134,88
-134,87
-134,86
-134,85
-134,84
-134,83
-134,82
-134,81
-134,80
-134,79
-134,78
-134,77
-134,76
-134,75
-134,74
-134,73
-134,72
-134,71
-134,70
-134,69
-134,68
-134,67
-134,66
-134,65
-134,64
-134,63
-134,62
-134,61
-134,60
-134,59
-134,58
-134,57
-134,56
-134,55
-134,54
-134,53
-134,52
-134,51
-134,50
-134,49
-134,48
-134,47
-134,46
-134,45
-134,44
-134,43
-134,42
-134,41
-134,40
-134,39
-134,38
-134,37
-134,36
-134,35
-134,34
-134,33
-134,32
-134,31
-134,30
-134,29
-134,28
-134,27
-134,26
-134,25
-134,24
-134,23
-134,22
-134,21
-134,20
-134,19
-134,18
-134,17
-134,16
-134,15
-134,14
-134,13
-134,12
-134,11
-134,10
-134,9
-134,8
-134,7
-134,6
-134,5
-134,4
-134,3
-134,2
-134,1
-134,0
-134,-1
-134,-2
-134,-3
-134,-4
-134,-5
-134,-6
-134,-7
-134,-8
-134,-9
-134,-10
-134,-11
-134,-12
-134,-13
-134,-14
-134,-15
-134,-16
-134,-17
-134,-18
-134,-19
-134,-20
-134,-21
-134,-22
-134,-23
-134,-24
-134,-25
-134,-26
-134,-27
-134,-28
