-134,-29
-134,-30
-134,-31
-134,-32
-134,-33
-134,-34
-134,-35
-134,-36
-134,-37
-134,-38
-134,-39
-134,-40
-134,-41
-134,-42
-134,-43
-134,-44
-134,-45
-134,-46
-134,-47
-134,-48
-134,-49
-134,-50
-134,-51
-134,-52
-134,-53
-134,-54
-134,-55
-134,-56
-134,-57
-134,-58
-134,-59
-134,-60
-134,-61
-134,-62
-134,-63
-134,-64
-134,-65
-134,-66
-134,-67
-134,-68
-134,-69
-134,-70
-134,-71
-134,-72
-134,-73
-134,-74
-134,-75
-134,-76
-134,-77
-134,-78
-134,-79
-134,-80
-134,-81
-134,-82
-134,-83
-134,-84
-134,-85
-134,-86
-134,-87
-134,-88
-134,-89
-134,-90
-134,-91
-134,-92
-134,-93
-134,-94
-134,-95
-134,-96
-134,-97
-134,-98
-134,-99
-134,-100
-134,-101
-134,-102
-134,-103
-134,-104
-134,-105
-134,-106
-134,-107
-134,-108
-134,-109
-134,-110
-134,-111
-134,-112
-134,-113
-134,-114
-134,-115
-134,-116
-134,-117
-134,-118
-134,-119
-134,-120
-134,-121
-134,-122
-134,-123
-134,-124
-134,-125
-134,-126
-134,-127
-134,-128
-134,-129
-134,-130
-134,-131
-134,-132
-134,-133
-134,-134
-134,-135
-134,-136
-134,-137
-134,-138
-134,-139
-134,-140
-134,-141
-134,-142
-134,-143
-134,-144
-134,-145
-134,-146
-134,-147
-134,-148
-134,-149
-134,-150
-133,150
-133,149
-133,148
-133,147
-133,146
-133,145
-133,144
-133,143
-133,142
-133,141
-133,140
-133,139
-133,138
-133,137
-133,136
-133,135
-133,134
-133,133
-133,132
-133,131
-133,130
-133,129
-133,128
-133,127
-133,126
-133,125
-133,124
-133,123
-133,122
-133,121
-133,120
-133,119
-133,118
-133,117
-133,116
-133,115
-133,114
-133,113
-133,112
-133,111
-133,110
-133,109
-133,108
-133,107
-133,106
-133,105
-133,104
-133,103
-133,102
-133,101
-133,100
-133,99
-133,98
-133,97
-133,96
-133,95
-133,94
-133,93
-133,92
-133,91
-133,90
-133,89
-133,88
-133,87
-133,86
-133,85
-133,84
-133,83
-133,82
-133,81
-133,80
-133,79
-133,78
-133,77
-133,76
-133,75
-133,74
-133,73
-133,72
-133,71
-133,70
-133,69
-133,68
-133,67
-133,66
-133,65
-133,64
-133,63
-133,62
-133,61
-133,60
-133,59
-133,58
-133,57
-133,56
-133,55
-133,54
-133,53
-133,52
-133,51
-133,50
-133,49
-133,48
-133,47
-133,46
-133,45
-133,44
-133,43
-133,42
-133,41
-133,40
-133,39
-133,38
-133,37
-133,36
-133,35
-133,34
-133,33
-133,32
-133,31
-133,30
-133,29
-133,28
-133,27
-133,26
-133,25
-133,24
-133,23
-133,22
-133,21
-133,20
-133,19
-133,18
-133,17
-133,16
-133,15
-133,14
-133,13
-133,12
-133,11
-133,10
-133,9
-133,8
-133,7
-133,6
-133,5
-133,4
-133,3
-133,2
-133,1
-133,0
-133,-1
-133,-2
-133,-3
-133,-4
-133,-5
-133,-6
-133,-7
-133,-8
-133,-9
-133,-10
-133,-11
-133,-12
-133,-13
-133,-14
-133,-15
-133,-16
-133,-17
-133,-18
-133,-19
-133,-20
-133,-21
-133,-22
-133,-23
-133,-24
-133,-25
-133,-26
-133,-27
-133,-28
-133,-29
-133,-30
-133,-31
-133,-32
-133,-33
-133,-34
-133,-35
-133,-36
-133,-37
-133,-38
-133,-39
-133,-40
-133,-41
-133,-42
-133,-43
-133,-44
-133,-45
-133,-46
-133,-47
-133,-48
-133,-49
-133,-50
-133,-51
-133,-52
-133,-53
-133,-54
-133,-55
-133,-56
-133,-57
-133,-58
-133,-59
-133,-60
-133,-61
-133,-62
-133,-63
-133,-64
-133,-65
-133,-66
-133,-67
-133,-68
-133,-69
-133,-70
-133,-71
-133,-72
-133,-73
-133,-74
-133,-75
-133,-76
-133,-77
-133,-78
-133,-79
-133,-80
-133,-81
-133,-82
-133,-83
-133,-84
-133,-85
-133,-86
-133,-87
-133,-88
-133,-89
-133,-90
-133,-91
-133,-92
-133,-93
-133,-94
-133,-95
-133,-96
-133,-97
-133,-98
-133,-99
-133,-100
-133,-101
-133,-102
-133,-103
-133,-104
-133,-105
-133,-106
-133,-107
-133,-108
-133,-109
-133,-110
-133,-111
-133,-112
-133,-113
-133,-114
-133,-115
-133,-116
-133,-117
-133,-118
-133,-119
-133,-120
-133,-121
-133,-122
-133,-123
-133,-124
-133,-125
-133,-126
-133,-127
-133,-128
-133,-129
-133,-130
-133,-131
-133,-132
-133,-133
-133,-134
-133,-135
-133,-136
-133,-137
-133,-138
-133,-139
-133,-140
-133,-141
-133,-142
-133,-143
-133,-144
-133,-145
-133,-146
-133,-147
-133,-148
-133,-149
-133,-150
-132,150
-132,149
-132,148
-132,147
-132,146
-132,145
-132,144
-132,143
-132,142
-132,141
-132,140
-132,139
-132,138
-132,137
-132,136
-132,135
-132,134
-132,133
-132,132
-132,131
-132,130
-132,129
-132,128
-132,127
-132,126
-132,125
-132,124
-132,123
-132,122
-132,121
-132,120
-132,119
-132,118
-132,117
-132,116
-132,115
-132,114
-132,113
-132,112
-132,111
-132,110
-132,109
-132,108
-132,107
-132,106
-132,105
-132,104
-132,103
-132,102
-132,101
-132,100
-132,99
-132,98
-132,97
-132,96
-132,95
-132,94
-132,93
-132,92
-132,91
-132,90
-132,89
-132,88
-132,87
-132,86
-132,85
-132,84
-132,83
-132,82
-132,81
-132,80
-132,79
-132,78
-132,77
-132,76
-132,75
-132,74
-132,73
-132,72
-132,71
-132,70
-132,69
-132,68
-132,67
-132,66
-132,65
-132,64
-132,63
-132,62
-132,61
-132,60
-132,59
-132,58
-132,57
-132,56
-132,55
-132,54
-132,53
-132,52
-132,51
-132,50
-132,49
-132,48
-132,47
-132,46
-132,45
-132,44
-132,43
-132,42
-132,41
-132,40
-132,39
-132,38
-132,37
-132,36
-132,35
-132,34
-132,33
-132,32
-132,31
-132,30
-132,29
-132,28
-132,27
-132,26
-132,25
-132,24
-132,23
-132,22
-132,21
-132,20
-132,19
-132,18
-132,17
-132,16
-132,15
-132,14
-132,13
-132,12
-132,11
-132,10
-132,9
-132,8
-132,7
-132,6
-132,5
-132,4
-132,3
-132,2
-132,1
-132,0
-132,-1
-132,-2
-132,-3
-132,-4
-132,-5
-132,-6
-132,-7
-132,-8
-132,-9
-132,-10
-132,-11
-132,-12
-132,-13
-132,-14
-132,-15
-132,-16
-132,-17
-132,-18
-132,-19
-132,-20
-132,-21
-132,-22
-132,-23
-132,-24
-132,-25
-132,-26
-132,-27
-132,-28
-132,-29
-132,-30
-132,-31
-132,-32
-132,-33
-132,-34
-132,-35
-132,-36
-132,-37
-132,-38
-132,-39
-132,-40
-132,-41
-132,-42
-132,-43
-132,-44
-132,-45
-132,-46
-132,-47
-132,-48
-132,-49
-132,-50
-132,-51
-132,-52
-132,-53
-132,-54
-132,-55
-132,-56
-132,-57
-132,-58
-132,-59
-132,-60
-132,-61
-132,-62
-132,-63
-132,-64
-132,-65
-132,-66
-132,-67
-132,-68
-132,-69
-132,-70
-132,-71
-132,-72
-132,-73
-132,-74
-132,-75
-132,-76
-132,-77
-132,-78
-132,-79
-132,-80
-132,-81
-132,-82
-132,-83
-132,-84
-132,-85
-132,-86
-132,-87
-132,-88
-132,-89
-132,-90
-132,-91
-132,-92
-132,-93
-132,-94
-132,-95
-132,-96
-132,-97
-132,-98
-132,-99
-132,-100
-132,-101
-132,-102
-132,-103
-132,-104
-132,-105
-132,-106
-132,-107
-132,-108
-132,-109
-132,-110
-132,-111
-132,-112
-132,-113
-132,-114
-132,-115
-132,-116
-132,-117
-132,-118
-132,-119
-132,-120
-132,-121
-132,-122
-132,-123
-132,-124
-132,-125
-132,-126
-132,-127
-132,-128
-132,-129
-132,-130
-132,-131
-132,-132
-132,-133
-132,-134
-132,-135
-132,-136
-132,-137
-132,-138
-132,-139
-132,-140
-132,-141
-132,-142
-132,-143
-132,-144
-132,-145
-132,-146
-132,-147
-132,-148
-132,-149
-132,-150
-131,150
-131,149
-131,148
-131,147
-131,146
-131,145
-131,144
-131,143
-131,142
-131,141
-131,140
-131,139
-131,138
-131,137
-131,136
-131,135
-131,134
-131,133
-131,132
-131,131
-131,130
-131,129
-131,128
-131,127
-131,126
-131,125
-131,124
-131,123
-131,122
-131,121
-131,120
-131,119
-131,118
-131,117
-131,116
-131,115
-131,114
-131,113
-131,112
-131,111
-131,110
-131,109
-131,108
-131,107
-131,106
-131,105
-131,104
-131,103
-131,102
-131,101
-131,100
-131,99
-131,98
-131,97
-131,96
-131,95
-131,94
-131,93
-131,92
-131,91
-131,90
-131,89
-131,88
-131,87
-131,86
-131,85
-131,84
-131,83
-131,82
-131,81
-131,80
-131,79
-131,78
-131,77
-131,76
-131,75
-131,74
-131,73
-131,72
-131,71
-131,70
-131,69
-131,68
-131,67
-131,66
-131,65
-131,64
-131,63
-131,62
-131,61
-131,60
-131,59
-131,58
-131,57
-131,56
-131,55
-131,54
-131,53
-131,52
-131,51
-131,50
-131,49
-131,48
-131,47
-131,46
-131,45
-131,44
-131,43
-131,42
-131,41
-131,40
-131,39
-131,38
-131,37
-131,36
-131,35
-131,34
-131,33
-131,32
-131,31
-131,30
-131,29
-131,28
-131,27
-131,26
-131,25
-131,24
-131,23
-131,22
-131,21
-131,20
-131,19
-131,18
-131,17
-131,16
-131,15
-131,14
-131,13
-131,12
-131,11
-131,10
-131,9
-131,8
-131,7
-131,6
-131,5
-131,4
-131,3
-131,2
-131,1
-131,0
-131,-1
-131,-2
-131,-3
-131,-4
-131,-5
-131,-6
-131,-7
-131,-8
-131,-9
-131,-10
-131,-11
-131,-12
-131,-13
-131,-14
-131,-15
-131,-16
-131,-17
-131,-18
-131,-19
-131,-20
-131,-21
-131,-22
-131,-23
-131,-24
-131,-25
-131,-26
-131,-27
-131,-28
-131,-29
-131,-30
-131,-31
-131,-32
-131,-33
-131,-34
-131,-35
-131,-36
-131,-37
-131,-38
-131,-39
-131,-40
-131,-41
-131,-42
-131,-43
-131,-44
-131,-45
-131,-46
-131,-47
-131,-48
-131,-49
-131,-50
-131,-51
-131,-52
-131,-53
-131,-54
-131,-55
-131,-56
-131,-57
-131,-58
-131,-59
-131,-60
-131,-61
-131,-62
-131,-63
-131,-64
-131,-65
-131,-66
-131,-67
-131,-68
-131,-69
-131,-70
-131,-71
-131,-72
-131,-73
-131,-74
-131,-75
-131,-76
-131,-77
-131,-78
-131,-79
-131,-80
-131,-81
-131,-82
-131,-83
-131,-84
-131,-85
-131,-86
-131,-87
-131,-88
-131,-89
-131,-90
-131,-91
-131,-92
-131,-93
-131,-94
-131,-95
-131,-96
-131,-97
-131,-98
-131,-99
-131,-100
-131,-101
-131,-102
-131,-103
-131,-104
-131,-105
-131,-106
-131,-107
-131,-108
-131,-109
-131,-110
-131,-111
-131,-112
-131,-113
-131,-114
-131,-115
-131,-116
-131,-117
-131,-118
-131,-119
-131,-120
-131,-121
-131,-122
-131,-123
-131,-124
